ratio_absorb,PSII_content_per_leaf,PSII_antenna_size,P700_red_initial,CO2
0.72222222,1.61,0.81111111,3.15,32.75180828
0.63333333,1.61,0.9,6.2299999999999995,31.06019357
0.81111111,1.61,0.72222222,1.6099999999999999,28.3834552
0.63333333,1.61,0.9,5.46,28.083376
0.72222222,1.61,0.72222222,1.6099999999999999,26.44953506
0.72222222,1.61,0.81111111,2.38,26.33177809
0.72222222,1.61,0.9,4.6899999999999995,26.15058607
0.72222222,2.38,0.9,6.2299999999999995,26.03788116
0.9,1.61,0.72222222,3.9199999999999995,25.95387953
0.81111111,2.38,0.9,5.46,25.53585323
0.9,3.15,0.9,6.2299999999999995,25.13169637
0.54444444,1.61,0.9,5.46,25.05247322
0.63333333,1.61,0.9,4.6899999999999995,24.852863
0.9,2.38,0.9,7.0,24.75294404
0.63333333,1.61,0.81111111,2.38,24.00884346
0.63333333,1.61,0.72222222,1.6099999999999999,23.96393145
0.9,2.38,0.72222222,1.6099999999999999,23.4462844
0.9,2.38,0.81111111,2.38,23.39432687
0.81111111,1.61,0.81111111,7.0,23.36800276
0.81111111,1.61,0.81111111,6.2299999999999995,23.29795828
0.72222222,2.38,0.9,5.46,23.25492558
0.72222222,1.61,0.9,5.46,23.22348177
0.81111111,1.61,0.81111111,5.46,23.22258536
0.9,1.61,0.72222222,1.6099999999999999,23.21754258
0.9,1.61,0.72222222,6.2299999999999995,23.14127864
0.81111111,1.61,0.81111111,4.6899999999999995,23.13391444
0.81111111,1.61,0.81111111,3.9199999999999995,23.01879713
0.81111111,3.15,0.9,6.2299999999999995,23.00451768
0.72222222,1.61,0.9,6.2299999999999995,22.9904115
0.81111111,1.61,0.81111111,3.15,22.85157366
0.9,2.38,0.9,5.46,22.66450152
0.9,1.61,0.72222222,3.15,22.58938657
0.9,1.61,0.63333333,0.84,22.55939143
0.81111111,1.61,0.81111111,2.38,22.51518715
0.9,2.38,0.9,4.6899999999999995,22.45900524
0.72222222,1.61,0.9,3.9199999999999995,22.37798584
0.81111111,2.38,0.9,4.6899999999999995,22.35806175
0.9,3.15,0.9,5.46,22.35347875
0.72222222,1.61,0.9,7.0,22.33162054
0.9,1.61,0.45555556,7.0,22.19268718
0.72222222,1.61,0.54444444,7.0,22.18326238
0.81111111,1.61,0.45555556,7.0,22.17906704
0.81111111,1.61,0.54444444,7.0,22.1698104
0.63333333,1.61,0.63333333,7.0,22.16942709
0.9,1.61,0.45555556,6.2299999999999995,22.1584599
0.72222222,1.61,0.63333333,7.0,22.14932337
0.9,2.38,0.63333333,7.0,22.14854434
0.81111111,2.38,0.72222222,7.0,22.14328646
0.72222222,1.61,0.54444444,6.2299999999999995,22.13938347
0.54444444,1.61,0.72222222,7.0,22.13139385
0.63333333,1.61,0.63333333,6.2299999999999995,22.13056493
0.81111111,1.61,0.54444444,6.2299999999999995,22.11829715
0.9,1.61,0.72222222,4.6899999999999995,22.11804361
0.9,1.61,0.81111111,7.0,22.11565293
0.81111111,1.61,0.45555556,6.2299999999999995,22.11266177
0.9,1.61,0.45555556,5.46,22.11006893
0.63333333,1.61,0.72222222,7.0,22.10305506
0.72222222,1.61,0.54444444,5.46,22.10060396
0.9,2.38,0.63333333,6.2299999999999995,22.10018638
0.54444444,1.61,0.72222222,6.2299999999999995,22.09780602
0.81111111,2.38,0.63333333,7.0,22.08989624
0.81111111,2.38,0.72222222,6.2299999999999995,22.08548448
0.63333333,1.61,0.54444444,7.0,22.08473039
0.72222222,1.61,0.63333333,6.2299999999999995,22.0835827
0.54444444,1.61,0.81111111,7.0,22.08282183
0.81111111,1.61,0.45555556,5.46,22.07959151
0.63333333,1.61,0.63333333,5.46,22.07632742
0.54444444,1.61,0.63333333,7.0,22.07411495
0.9,1.61,0.81111111,6.2299999999999995,22.07343924
0.72222222,2.38,0.72222222,7.0,22.0733653
0.81111111,1.61,0.54444444,5.46,22.07259186
0.72222222,2.38,0.81111111,7.0,22.06885068
0.9,2.38,0.63333333,5.46,22.06874445
0.63333333,1.61,0.72222222,6.2299999999999995,22.06433058
0.72222222,1.61,0.54444444,4.6899999999999995,22.05633509
0.54444444,1.61,0.72222222,5.46,22.05429864
0.9,3.15,0.81111111,7.0,22.05358587
0.81111111,2.38,0.72222222,5.46,22.05166253
0.9,1.61,0.45555556,4.6899999999999995,22.05021499
0.9,1.61,0.36666667,7.0,22.04995844
0.81111111,2.38,0.63333333,6.2299999999999995,22.04680784
0.54444444,1.61,0.81111111,6.2299999999999995,22.04596013
0.72222222,1.61,0.63333333,5.46,22.04413226
0.72222222,1.61,0.45555556,7.0,22.04387745
0.9,2.38,0.54444444,7.0,22.04061688
0.63333333,1.61,0.54444444,6.2299999999999995,22.04036974
0.9,2.38,0.9,6.2299999999999995,22.04002238
0.54444444,1.61,0.9,4.6899999999999995,22.03648356
0.63333333,1.61,0.63333333,4.6899999999999995,22.03618378
0.72222222,2.38,0.81111111,6.2299999999999995,22.03403194
0.81111111,1.61,0.54444444,4.6899999999999995,22.03294332
0.9,2.38,0.72222222,7.0,22.03253064
0.81111111,1.61,0.45555556,4.6899999999999995,22.03219268
0.9,1.61,0.81111111,5.46,22.03103278
0.81111111,1.61,0.9,7.0,22.03003849
0.9,2.38,0.63333333,4.6899999999999995,22.02685282
0.72222222,2.38,0.72222222,6.2299999999999995,22.02641897
0.9,1.61,0.45555556,3.9199999999999995,22.01833112
0.63333333,1.61,0.72222222,5.46,22.0148348
0.9,1.61,0.36666667,6.2299999999999995,22.00739152
0.72222222,1.61,0.54444444,3.9199999999999995,22.00699521
0.72222222,2.38,0.81111111,5.46,22.00481595
0.63333333,1.61,0.54444444,5.46,22.00446633
0.9,3.15,0.81111111,6.2299999999999995,22.00387657
0.81111111,2.38,0.63333333,5.46,22.00278955
0.63333333,2.38,0.81111111,7.0,22.0021175
0.81111111,2.38,0.72222222,4.6899999999999995,22.00155916
0.9,2.38,0.54444444,6.2299999999999995,21.99940988
0.9,1.61,0.54444444,7.0,21.9993454
0.72222222,1.61,0.45555556,6.2299999999999995,21.99725731
0.9,3.15,0.72222222,7.0,21.99641227
0.72222222,1.61,0.63333333,4.6899999999999995,21.9920982
0.63333333,1.61,0.63333333,3.9199999999999995,21.99154508
0.72222222,2.38,0.72222222,5.46,21.9885777
0.9,2.38,0.63333333,3.9199999999999995,21.9861729
0.9,2.38,0.72222222,6.2299999999999995,21.98598205
0.9,1.61,0.81111111,4.6899999999999995,21.98549771
0.81111111,1.61,0.9,6.2299999999999995,21.98293617
0.81111111,1.61,0.45555556,3.9199999999999995,21.9808599
0.81111111,1.61,0.54444444,3.9199999999999995,21.978598
0.63333333,1.61,0.72222222,4.6899999999999995,21.97791445
0.81111111,2.38,0.63333333,4.6899999999999995,21.97361156
0.9,1.61,0.45555556,3.15,21.97344112
0.9,3.15,0.81111111,5.46,21.97090827
0.9,1.61,0.36666667,5.46,21.9693693
0.9,1.61,0.54444444,6.2299999999999995,21.96626948
0.63333333,1.61,0.54444444,4.6899999999999995,21.9644865
0.63333333,2.38,0.81111111,6.2299999999999995,21.9613243
0.9,2.38,0.54444444,5.46,21.96018071
0.81111111,3.15,0.81111111,7.0,21.95947795
0.72222222,1.61,0.54444444,3.15,21.95821828
0.81111111,2.38,0.72222222,3.9199999999999995,21.95821743
0.72222222,1.61,0.45555556,5.46,21.95769187
0.9,3.15,0.72222222,6.2299999999999995,21.95529387
0.9,2.38,0.72222222,5.46,21.95398261
0.72222222,2.38,0.81111111,4.6899999999999995,21.94668454
0.63333333,1.61,0.63333333,3.15,21.94581845
0.72222222,2.38,0.72222222,4.6899999999999995,21.94333298
0.72222222,1.61,0.63333333,3.9199999999999995,21.94076038
0.9,1.61,0.9,7.0,21.93961734
0.81111111,1.61,0.54444444,3.15,21.9337221
0.81111111,2.38,0.81111111,7.0,21.93339847
0.81111111,1.61,0.9,5.46,21.93290541
0.9,1.61,0.81111111,3.9199999999999995,21.93100691
0.9,1.61,0.36666667,4.6899999999999995,21.92977941
0.9,1.61,0.54444444,5.46,21.926131
0.9,2.38,0.63333333,3.15,21.92533139
0.63333333,2.38,0.81111111,5.46,21.91902482
0.9,1.61,0.45555556,2.38,21.91841759
0.9,3.15,0.72222222,5.46,21.91741318
0.9,2.38,0.54444444,4.6899999999999995,21.91727005
0.63333333,1.61,0.72222222,3.9199999999999995,21.91573554
0.9,3.15,0.81111111,4.6899999999999995,21.91418584
0.81111111,2.38,0.63333333,3.9199999999999995,21.91413079
0.72222222,1.61,0.45555556,4.6899999999999995,21.91382001
0.81111111,3.15,0.81111111,6.2299999999999995,21.91118567
0.54444444,1.61,0.63333333,6.2299999999999995,21.90950404
0.72222222,2.38,0.63333333,7.0,21.90511485
0.81111111,1.61,0.54444444,2.38,21.90260718
0.9,2.38,0.72222222,4.6899999999999995,21.9016116
0.9,1.61,0.72222222,7.0,21.90111044
0.72222222,1.61,0.63333333,3.15,21.89610757
0.72222222,2.38,0.72222222,3.9199999999999995,21.89560054
0.9,1.61,0.9,6.2299999999999995,21.89558277
0.81111111,2.38,0.81111111,6.2299999999999995,21.89255512
0.81111111,2.38,0.72222222,3.15,21.88959625
0.81111111,1.61,0.45555556,2.38,21.88781814
0.9,1.61,0.36666667,3.9199999999999995,21.88310115
0.63333333,2.38,0.72222222,7.0,21.87376347
0.9,2.38,0.54444444,3.9199999999999995,21.8728557
0.9,1.61,0.81111111,3.15,21.87164848
0.81111111,1.61,0.9,4.6899999999999995,21.87101569
0.72222222,2.38,0.63333333,6.2299999999999995,21.86888392
0.81111111,3.15,0.81111111,5.46,21.8684728
0.9,1.61,0.54444444,4.6899999999999995,21.86798302
0.9,3.15,0.72222222,4.6899999999999995,21.86510197
0.45555556,1.61,0.81111111,7.0,21.86322254
0.81111111,2.38,0.63333333,3.15,21.8622541
0.81111111,2.38,0.81111111,5.46,21.85774543
0.9,2.38,0.63333333,2.38,21.85718811
0.81111111,1.61,0.36666667,7.0,21.85710101
0.45555556,1.61,0.72222222,7.0,21.85696993
0.9,3.15,0.81111111,3.9199999999999995,21.85568873
0.81111111,2.38,0.54444444,7.0,21.84993609
0.9,1.61,0.9,5.46,21.8489037
0.63333333,2.38,0.72222222,6.2299999999999995,21.84331514
0.9,1.61,0.36666667,3.15,21.84201829
0.9,2.38,0.72222222,3.9199999999999995,21.83682116
0.45555556,1.61,0.72222222,6.2299999999999995,21.8352143
0.9,2.38,0.54444444,3.15,21.82803785
0.72222222,2.38,0.63333333,5.46,21.8261609
0.54444444,1.61,0.63333333,4.6899999999999995,21.8239063
0.9,1.61,0.54444444,3.9199999999999995,21.81956392
0.81111111,3.15,0.81111111,4.6899999999999995,21.81835567
0.9,3.15,0.72222222,3.9199999999999995,21.81621216
0.54444444,1.61,0.72222222,4.6899999999999995,21.81466522
0.9,3.15,0.9,7.0,21.81455793
0.81111111,2.38,0.54444444,6.2299999999999995,21.80854645
0.81111111,2.38,0.63333333,2.38,21.80054429
0.54444444,1.61,0.63333333,5.46,21.79692126
0.63333333,2.38,0.72222222,5.46,21.79435493
0.81111111,2.38,0.81111111,4.6899999999999995,21.79375453
0.81111111,3.15,0.72222222,7.0,21.79282651
0.9,1.61,0.9,4.6899999999999995,21.79245329
0.45555556,1.61,0.72222222,5.46,21.79053653
0.45555556,1.61,0.81111111,5.46,21.78707393
0.72222222,2.38,0.63333333,4.6899999999999995,21.77927842
0.9,1.61,0.81111111,2.38,21.77309217
0.45555556,1.61,0.81111111,6.2299999999999995,21.7730525
0.9,2.38,0.54444444,2.38,21.7713299
0.9,3.15,0.63333333,7.0,21.77125141
0.81111111,2.38,0.54444444,5.46,21.76938119
0.9,1.61,0.54444444,3.15,21.76905543
0.9,2.38,0.72222222,3.15,21.76396933
0.81111111,1.61,0.9,3.9199999999999995,21.76328498
0.81111111,1.61,0.45555556,3.15,21.76298712
0.54444444,1.61,0.72222222,3.9199999999999995,21.76289598
0.9,3.15,0.72222222,3.15,21.76240826
0.81111111,3.15,0.72222222,6.2299999999999995,21.75915721
0.63333333,2.38,0.72222222,4.6899999999999995,21.75392298
0.54444444,1.61,0.54444444,7.0,21.75283302
0.63333333,1.61,0.54444444,3.15,21.74831403
0.72222222,1.61,0.45555556,3.9199999999999995,21.74775394
0.54444444,1.61,0.63333333,3.9199999999999995,21.74698129
0.45555556,1.61,0.72222222,4.6899999999999995,21.74645495
0.72222222,3.15,0.81111111,7.0,21.74371877
0.81111111,1.61,0.36666667,6.2299999999999995,21.74092964
0.72222222,2.38,0.63333333,3.9199999999999995,21.73942509
0.9,3.92,0.81111111,7.0,21.73648951
0.45555556,1.61,0.81111111,4.6899999999999995,21.72961983
0.81111111,2.38,0.54444444,4.6899999999999995,21.72932388
0.9,3.15,0.63333333,6.2299999999999995,21.72687547
0.72222222,1.61,0.81111111,5.46,21.72497266
0.9,1.61,0.54444444,2.38,21.72216538
0.81111111,3.15,0.72222222,5.46,21.71993486
0.81111111,2.38,0.81111111,3.9199999999999995,21.71563855
0.9,1.61,0.9,3.9199999999999995,21.71259591
0.54444444,1.61,0.63333333,3.15,21.7112053
0.63333333,1.61,0.54444444,3.9199999999999995,21.71028584
0.54444444,1.61,0.54444444,6.2299999999999995,21.70966136
0.72222222,3.15,0.81111111,6.2299999999999995,21.7045167
0.81111111,1.61,0.63333333,7.0,21.70009643
0.9,3.92,0.81111111,6.2299999999999995,21.69851161
0.63333333,1.61,0.45555556,7.0,21.6984737
0.72222222,1.61,0.45555556,3.15,21.69643568
0.72222222,2.38,0.63333333,3.15,21.6920171
0.63333333,1.61,0.54444444,2.38,21.69196319
0.9,1.61,0.36666667,2.38,21.69141563
0.9,2.38,0.72222222,2.38,21.68956075
0.9,3.15,0.63333333,5.46,21.68456764
0.81111111,2.38,0.54444444,3.9199999999999995,21.68332114
0.9,2.38,0.45555556,7.0,21.67631784
0.81111111,3.15,0.72222222,4.6899999999999995,21.67537472
0.63333333,1.61,0.63333333,2.38,21.6718778
0.54444444,1.61,0.81111111,5.46,21.6653849
0.63333333,1.61,0.45555556,6.2299999999999995,21.6639807
0.54444444,1.61,0.54444444,5.46,21.65973474
0.72222222,1.61,0.45555556,2.38,21.65719443
0.72222222,1.61,0.54444444,2.38,21.65557926
0.9,3.92,0.81111111,5.46,21.65499431
0.36666667,1.61,0.81111111,7.0,21.65474602
0.45555556,1.61,0.72222222,3.9199999999999995,21.65434625
0.63333333,2.38,0.81111111,4.6899999999999995,21.65400707
0.45555556,1.61,0.63333333,7.0,21.65270846
0.72222222,2.38,0.72222222,3.15,21.64946421
0.81111111,1.61,0.63333333,6.2299999999999995,21.64750011
0.9,3.15,0.63333333,4.6899999999999995,21.64514736
0.81111111,1.61,0.45555556,1.6099999999999999,21.63828843
0.81111111,2.38,0.54444444,3.15,21.63683888
0.81111111,3.15,0.72222222,3.9199999999999995,21.63539611
0.45555556,1.61,0.72222222,3.15,21.63377757
0.9,2.38,0.45555556,6.2299999999999995,21.6315913
0.54444444,2.38,0.81111111,7.0,21.62562611
0.54444444,1.61,0.72222222,3.15,21.61568015
0.54444444,1.61,0.63333333,2.38,21.61184856
0.45555556,1.61,0.81111111,3.9199999999999995,21.60953313
0.63333333,1.61,0.81111111,7.0,21.60763229
0.45555556,1.61,0.63333333,6.2299999999999995,21.60606947
0.54444444,2.38,0.81111111,6.2299999999999995,21.59772509
0.9,3.15,0.63333333,3.9199999999999995,21.59691739
0.81111111,1.61,0.36666667,3.9199999999999995,21.596498
0.9,2.38,0.45555556,5.46,21.59342705
0.9,1.61,0.45555556,1.6099999999999999,21.59190259
0.81111111,1.61,0.63333333,5.46,21.59058995
0.54444444,1.61,0.54444444,4.6899999999999995,21.58954542
0.81111111,2.38,0.54444444,2.38,21.58582379
0.9,1.61,0.36666667,1.6099999999999999,21.5840257
0.63333333,2.38,0.72222222,3.9199999999999995,21.58094223
0.81111111,2.38,0.81111111,2.38,21.57638384
0.63333333,1.61,0.45555556,5.46,21.57624607
0.81111111,1.61,0.36666667,4.6899999999999995,21.57597137
0.36666667,1.61,0.81111111,6.2299999999999995,21.57580588
0.45555556,1.61,0.63333333,5.46,21.57494904
0.63333333,2.38,0.63333333,7.0,21.57269195
0.72222222,1.61,0.45555556,1.6099999999999999,21.57049378
0.81111111,1.61,0.36666667,3.15,21.56947075
0.63333333,1.61,0.81111111,6.2299999999999995,21.56094564
0.72222222,1.61,0.54444444,1.6099999999999999,21.56067356
0.63333333,2.38,0.81111111,3.9199999999999995,21.56060638
0.45555556,1.61,0.63333333,4.6899999999999995,21.55558674
0.9,3.15,0.63333333,3.15,21.55470514
0.9,2.38,0.45555556,4.6899999999999995,21.55261287
0.81111111,1.61,0.63333333,4.6899999999999995,21.55251212
0.36666667,1.61,0.81111111,5.46,21.54944696
0.63333333,1.61,0.45555556,4.6899999999999995,21.54698307
0.54444444,1.61,0.72222222,2.38,21.54516065
0.63333333,1.61,0.45555556,3.9199999999999995,21.54405766
0.63333333,1.61,0.54444444,1.6099999999999999,21.54192145
0.54444444,1.61,0.54444444,3.9199999999999995,21.54013282
0.9,2.38,0.54444444,1.6099999999999999,21.53824775
0.63333333,2.38,0.63333333,6.2299999999999995,21.53788518
0.72222222,2.38,0.54444444,7.0,21.53383085
0.81111111,2.38,0.72222222,1.6099999999999999,21.53288257
0.81111111,1.61,0.36666667,2.38,21.53129657
0.54444444,2.38,0.81111111,5.46,21.53072176
0.72222222,3.15,0.81111111,5.46,21.52620079
0.54444444,1.61,0.54444444,3.15,21.52454541
0.81111111,1.61,0.72222222,5.46,21.51535433
0.9,2.38,0.45555556,3.9199999999999995,21.5103813
0.54444444,1.61,0.81111111,4.6899999999999995,21.50619298
0.63333333,1.61,0.81111111,5.46,21.5050315
0.36666667,1.61,0.81111111,4.6899999999999995,21.50361596
0.36666667,1.61,0.9,7.0,21.50323022
0.72222222,2.38,0.63333333,2.38,21.50191285
0.63333333,2.38,0.72222222,3.15,21.50183487
0.63333333,1.61,0.45555556,3.15,21.50108019
0.81111111,1.61,0.63333333,3.9199999999999995,21.49849678
0.72222222,1.61,0.63333333,2.38,21.49743949
0.63333333,2.38,0.63333333,5.46,21.49707644
0.54444444,1.61,0.54444444,2.38,21.49476073
0.72222222,2.38,0.54444444,6.2299999999999995,21.49374796
0.45555556,1.61,0.72222222,2.38,21.49305883
0.9,3.15,0.63333333,2.38,21.49098059
0.54444444,2.38,0.72222222,7.0,21.48664421
0.72222222,3.15,0.72222222,7.0,21.48568612
0.72222222,2.38,0.72222222,2.38,21.48302574
0.54444444,2.38,0.81111111,4.6899999999999995,21.48147015
0.72222222,1.61,0.72222222,7.0,21.48133019
0.81111111,3.15,0.81111111,3.9199999999999995,21.47968583
0.54444444,2.38,0.9,7.0,21.47420512
0.9,3.92,0.72222222,7.0,21.47394786
0.45555556,1.61,0.9,7.0,21.47316018
0.45555556,1.61,0.63333333,3.9199999999999995,21.47145834
0.63333333,1.61,0.72222222,3.15,21.47050312
0.9,1.61,0.9,3.15,21.46705532
0.81111111,3.15,0.63333333,7.0,21.46610608
0.9,2.38,0.45555556,3.15,21.46490049
0.63333333,2.38,0.63333333,4.6899999999999995,21.45979704
0.63333333,1.61,0.81111111,4.6899999999999995,21.45882785
0.72222222,3.15,0.81111111,4.6899999999999995,21.45853384
0.81111111,1.61,0.36666667,1.6099999999999999,21.45718524
0.81111111,3.92,0.81111111,7.0,21.45621026
0.72222222,2.38,0.54444444,5.46,21.45433239
0.9,1.61,0.36666667,0.84,21.44961633
0.54444444,2.38,0.72222222,6.2299999999999995,21.44829315
0.54444444,1.61,0.63333333,1.6099999999999999,21.44774128
0.72222222,3.15,0.72222222,6.2299999999999995,21.44704873
0.63333333,1.61,0.45555556,2.38,21.44638634
0.45555556,1.61,0.63333333,3.15,21.4431474
0.81111111,1.61,0.54444444,1.6099999999999999,21.44034828
0.9,3.92,0.72222222,6.2299999999999995,21.44026539
0.81111111,3.15,0.72222222,3.15,21.43871562
0.81111111,1.61,0.63333333,3.15,21.43634963
0.81111111,3.15,0.63333333,6.2299999999999995,21.42567259
0.54444444,1.61,0.81111111,3.9199999999999995,21.42471008
0.9,2.38,0.45555556,2.38,21.41900494
0.81111111,3.92,0.81111111,6.2299999999999995,21.41867941
0.63333333,2.38,0.63333333,3.9199999999999995,21.41652211
0.81111111,2.38,0.63333333,1.6099999999999999,21.41575144
0.63333333,1.61,0.63333333,1.6099999999999999,21.41520503
0.81111111,2.38,0.54444444,1.6099999999999999,21.41415407
0.72222222,2.38,0.54444444,4.6899999999999995,21.41172676
0.45555556,1.61,0.81111111,3.15,21.40709427
0.72222222,3.15,0.72222222,5.46,21.40673202
0.36666667,1.61,0.81111111,3.9199999999999995,21.40547967
0.9,3.92,0.72222222,5.46,21.39819722
0.9,3.15,0.72222222,2.38,21.39705052
0.72222222,1.61,0.72222222,6.2299999999999995,21.39703964
0.45555556,1.61,0.63333333,2.38,21.39306783
0.54444444,2.38,0.81111111,3.9199999999999995,21.39187695
0.81111111,2.38,0.72222222,2.38,21.38976874
0.9,3.92,0.81111111,4.6899999999999995,21.38931634
0.9,2.38,0.63333333,1.6099999999999999,21.38843747
0.81111111,3.15,0.63333333,5.46,21.38645403
0.63333333,1.61,0.45555556,1.6099999999999999,21.38033624
0.72222222,2.38,0.54444444,3.9199999999999995,21.37986723
0.72222222,2.38,0.81111111,3.9199999999999995,21.37470003
0.63333333,3.15,0.81111111,7.0,21.37230685
0.9,1.61,0.45555556,0.84,21.37146262
0.54444444,1.61,0.54444444,1.6099999999999999,21.36804159
0.72222222,3.15,0.72222222,4.6899999999999995,21.36438184
0.9,3.92,0.72222222,4.6899999999999995,21.36201516
0.72222222,1.61,0.72222222,5.46,21.35484914
0.81111111,1.61,0.45555556,0.84,21.35408966
0.81111111,3.15,0.63333333,4.6899999999999995,21.34930336
0.72222222,3.15,0.81111111,3.9199999999999995,21.34883136
0.63333333,2.38,0.72222222,2.38,21.33579635
0.72222222,2.38,0.54444444,3.15,21.33402509
0.81111111,2.38,0.45555556,7.0,21.33219379
0.54444444,2.38,0.72222222,5.46,21.32850222
0.63333333,1.61,0.9,3.9199999999999995,21.32263363
0.9,3.92,0.81111111,3.9199999999999995,21.31869501
0.63333333,1.61,0.72222222,2.38,21.31755223
0.9,3.92,0.72222222,3.9199999999999995,21.31689613
0.63333333,2.38,0.9,7.0,21.31409237
0.45555556,1.61,0.9,6.2299999999999995,21.31285707
0.81111111,3.15,0.63333333,3.9199999999999995,21.30418103
0.72222222,2.38,0.63333333,1.6099999999999999,21.2988992
0.81111111,2.38,0.45555556,6.2299999999999995,21.29725472
0.72222222,1.61,0.45555556,0.84,21.29687677
0.72222222,1.61,0.72222222,4.6899999999999995,21.28878474
0.63333333,2.38,0.63333333,3.15,21.28830595
0.36666667,1.61,0.9,6.2299999999999995,21.28270762
0.54444444,2.38,0.72222222,4.6899999999999995,21.28114386
0.81111111,3.15,0.72222222,2.38,21.27757956
0.72222222,3.15,0.9,7.0,21.27467931
0.81111111,1.61,0.36666667,0.84,21.26968735
0.72222222,1.61,0.63333333,1.6099999999999999,21.2618934
0.9,2.38,0.45555556,1.6099999999999999,21.2607539
0.81111111,3.92,0.81111111,5.46,21.25961027
0.81111111,2.38,0.45555556,5.46,21.25934687
0.81111111,3.15,0.63333333,3.15,21.25794239
0.72222222,1.61,0.72222222,3.9199999999999995,21.2480441
0.63333333,3.15,0.81111111,6.2299999999999995,21.24628255
0.54444444,1.61,0.81111111,2.38,21.23513342
0.9,3.15,0.54444444,5.46,21.23457529
0.63333333,2.38,0.81111111,3.15,21.23402051
0.9,1.61,0.54444444,1.6099999999999999,21.23172481
0.54444444,2.38,0.72222222,3.9199999999999995,21.22401238
0.63333333,2.38,0.63333333,2.38,21.22280485
0.72222222,3.15,0.72222222,3.9199999999999995,21.2200135
0.81111111,2.38,0.45555556,4.6899999999999995,21.21340399
0.9,3.15,0.54444444,7.0,21.2024813
0.63333333,3.15,0.81111111,5.46,21.19893067
0.9,3.15,0.54444444,4.6899999999999995,21.19804265
0.81111111,3.92,0.81111111,4.6899999999999995,21.19598039
0.81111111,2.38,0.45555556,3.9199999999999995,21.19444083
0.72222222,2.38,0.54444444,2.38,21.19230469
0.45555556,1.61,0.63333333,1.6099999999999999,21.18756349
0.54444444,2.38,0.72222222,3.15,21.18432952
0.9,4.69,0.81111111,7.0,21.18118648
0.63333333,3.15,0.9,7.0,21.18099432
0.72222222,3.15,0.72222222,3.15,21.16986181
0.72222222,1.61,0.72222222,3.15,21.16942436
0.81111111,3.92,0.9,7.0,21.16760309
0.9,3.15,0.54444444,3.9199999999999995,21.16280913
0.9,3.15,0.54444444,6.2299999999999995,21.16116111
0.9,1.61,0.81111111,1.6099999999999999,21.14889456
0.9,4.69,0.81111111,6.2299999999999995,21.14345793
0.9,3.92,0.72222222,3.15,21.14325431
0.45555556,2.38,0.81111111,7.0,21.14313048
0.63333333,3.15,0.81111111,4.6899999999999995,21.13893698
0.81111111,2.38,0.45555556,3.15,21.13859876
0.9,3.15,0.63333333,1.6099999999999999,21.13726419
0.9,3.15,0.54444444,3.15,21.11989733
0.9,3.92,0.9,7.0,21.11160956
0.72222222,2.38,0.54444444,1.6099999999999999,21.10872557
0.81111111,1.61,0.63333333,0.84,21.10870564
0.45555556,2.38,0.81111111,6.2299999999999995,21.10286607
0.81111111,3.15,0.9,7.0,21.09953359
0.81111111,3.15,0.63333333,2.38,21.0914601
0.54444444,1.61,0.81111111,3.15,21.08888633
0.81111111,2.38,0.45555556,2.38,21.08861245
0.81111111,3.92,0.81111111,3.9199999999999995,21.08220494
0.9,3.15,0.54444444,2.38,21.07135665
0.81111111,3.92,0.72222222,6.2299999999999995,21.05909983
0.63333333,2.38,0.54444444,7.0,21.05167229
0.81111111,3.15,0.81111111,3.15,21.04643646
0.63333333,1.61,0.45555556,0.84,21.04368409
0.72222222,3.92,0.81111111,7.0,21.04347519
0.45555556,2.38,0.81111111,5.46,21.04339312
0.54444444,2.38,0.63333333,7.0,21.03100583
0.54444444,2.38,0.9,6.2299999999999995,21.0296252
0.81111111,3.92,0.72222222,5.46,21.02732894
0.72222222,3.15,0.63333333,7.0,21.02258688
0.63333333,3.15,0.81111111,3.9199999999999995,21.01615622
0.9,3.92,0.9,6.2299999999999995,21.01450772
0.9,4.69,0.81111111,5.46,21.01255942
0.63333333,2.38,0.54444444,6.2299999999999995,21.01155632
0.45555556,2.38,0.81111111,4.6899999999999995,21.00393907
0.63333333,3.15,0.72222222,7.0,20.99759761
0.81111111,1.61,0.9,3.15,20.99697246
0.54444444,2.38,0.63333333,6.2299999999999995,20.99500435
0.81111111,3.92,0.72222222,7.0,20.99332445
0.54444444,2.38,0.72222222,2.38,20.99167195
0.63333333,2.38,0.63333333,1.6099999999999999,20.99047981
0.81111111,3.92,0.72222222,4.6899999999999995,20.98805093
0.45555556,2.38,0.9,7.0,20.98415296
0.72222222,3.15,0.63333333,6.2299999999999995,20.98192726
0.72222222,3.15,0.72222222,2.38,20.97951795
0.63333333,2.38,0.54444444,5.46,20.97443497
0.63333333,3.15,0.72222222,6.2299999999999995,20.96364228
0.81111111,2.38,0.45555556,1.6099999999999999,20.96138798
0.54444444,2.38,0.63333333,5.46,20.95979391
0.72222222,3.15,0.63333333,5.46,20.95913049
0.9,3.92,0.72222222,2.38,20.94968094
0.9,4.69,0.81111111,4.6899999999999995,20.94269348
0.9,1.61,0.72222222,5.46,20.94160868
0.81111111,3.92,0.72222222,3.9199999999999995,20.9413011
0.63333333,2.38,0.54444444,4.6899999999999995,20.94125397
0.9,2.38,0.45555556,0.84,20.9288422
0.63333333,3.15,0.72222222,5.46,20.92658496
0.72222222,3.92,0.81111111,6.2299999999999995,20.92523201
0.72222222,1.61,0.36666667,7.0,20.91837776
0.72222222,3.15,0.63333333,4.6899999999999995,20.91816634
0.9,3.92,0.63333333,7.0,20.9170029
0.9,3.15,0.54444444,1.6099999999999999,20.90597429
0.63333333,2.38,0.54444444,3.9199999999999995,20.90126853
0.72222222,1.61,0.36666667,6.2299999999999995,20.89360609
0.9,4.69,0.9,7.0,20.89123778
0.72222222,3.92,0.81111111,5.46,20.89078858
0.9,3.92,0.63333333,6.2299999999999995,20.88570984
0.72222222,1.61,0.36666667,5.46,20.88558214
0.36666667,1.61,0.72222222,7.0,20.8848253
0.72222222,3.15,0.63333333,3.9199999999999995,20.87958587
0.36666667,1.61,0.72222222,6.2299999999999995,20.87714517
0.72222222,2.38,0.81111111,3.15,20.8764673
0.72222222,1.61,0.36666667,4.6899999999999995,20.87123523
0.36666667,1.61,0.72222222,5.46,20.85907934
0.9,3.92,0.63333333,3.9199999999999995,20.85581912
0.72222222,1.61,0.36666667,3.9199999999999995,20.85452671
0.81111111,3.15,0.63333333,1.6099999999999999,20.85168291
0.9,3.92,0.63333333,5.46,20.85145936
0.54444444,2.38,0.63333333,4.6899999999999995,20.85112364
0.72222222,1.61,0.36666667,3.15,20.84171431
0.36666667,1.61,0.72222222,4.6899999999999995,20.8352175
0.9,1.61,0.72222222,2.38,20.8336188
0.9,3.92,0.63333333,3.15,20.82559397
0.72222222,1.61,0.54444444,0.84,20.8251274
0.54444444,2.38,0.81111111,3.15,20.82508371
0.54444444,2.38,0.63333333,3.9199999999999995,20.82473338
0.72222222,3.92,0.81111111,4.6899999999999995,20.82367828
0.63333333,3.15,0.72222222,4.6899999999999995,20.82179484
0.36666667,1.61,0.81111111,3.15,20.81886394
0.45555556,2.38,0.81111111,3.9199999999999995,20.81335386
0.72222222,2.38,0.45555556,6.2299999999999995,20.81295502
0.36666667,1.61,0.72222222,3.9199999999999995,20.81157696
0.72222222,1.61,0.36666667,0.84,20.81145448
0.36666667,1.61,0.72222222,2.38,20.81082336
0.9,3.92,0.63333333,4.6899999999999995,20.80904014
0.36666667,1.61,0.72222222,3.15,20.8087062
0.81111111,3.92,0.72222222,3.15,20.80552443
0.72222222,1.61,0.36666667,1.6099999999999999,20.80266547
0.9,4.69,0.81111111,3.9199999999999995,20.80202964
0.63333333,2.38,0.54444444,3.15,20.80041499
0.81111111,3.15,0.54444444,7.0,20.79274965
0.72222222,2.38,0.45555556,5.46,20.791394
0.81111111,3.15,0.54444444,4.6899999999999995,20.78788157
0.63333333,2.38,0.9,5.46,20.78253901
0.54444444,2.38,0.63333333,3.15,20.78035049
0.63333333,3.15,0.72222222,3.9199999999999995,20.77678392
0.81111111,1.61,0.63333333,2.38,20.77421623
0.72222222,3.15,0.81111111,3.15,20.77354367
0.72222222,3.15,0.63333333,3.15,20.77007404
0.9,2.38,0.36666667,4.6899999999999995,20.76075495
0.81111111,3.15,0.54444444,6.2299999999999995,20.76069405
0.9,2.38,0.36666667,7.0,20.75756873
0.54444444,1.61,0.9,7.0,20.75464031
0.72222222,2.38,0.45555556,7.0,20.75312476
0.45555556,2.38,0.72222222,7.0,20.75131145
0.72222222,2.38,0.45555556,4.6899999999999995,20.74761022
0.81111111,3.15,0.54444444,3.9199999999999995,20.74692909
0.63333333,2.38,0.54444444,2.38,20.74236052
0.9,2.38,0.36666667,3.9199999999999995,20.73142913
0.9,2.38,0.36666667,6.2299999999999995,20.73060357
0.81111111,4.69,0.81111111,7.0,20.72917696
0.54444444,3.15,0.81111111,7.0,20.72807683
0.81111111,3.15,0.54444444,5.46,20.72146354
0.54444444,2.38,0.63333333,2.38,20.7171767
0.72222222,2.38,0.45555556,3.9199999999999995,20.71297911
0.45555556,2.38,0.72222222,6.2299999999999995,20.71218189
0.63333333,3.15,0.72222222,3.15,20.71183424
0.81111111,3.15,0.54444444,3.15,20.70544813
0.72222222,3.15,0.9,6.2299999999999995,20.70110724
0.72222222,3.15,0.63333333,2.38,20.69919619
0.9,2.38,0.36666667,5.46,20.69774284
0.9,2.38,0.36666667,3.15,20.69734685
0.9,3.15,0.81111111,3.15,20.68680877
0.9,3.92,0.63333333,2.38,20.68397206
0.54444444,3.15,0.81111111,6.2299999999999995,20.67954497
0.72222222,2.38,0.45555556,3.15,20.67514713
0.9,4.69,0.72222222,7.0,20.67419061
0.45555556,2.38,0.72222222,5.46,20.67103714
0.72222222,3.92,0.9,7.0,20.66930166
0.81111111,3.15,0.54444444,2.38,20.65803035
0.63333333,2.38,0.54444444,1.6099999999999999,20.65595408
0.72222222,3.92,0.81111111,3.9199999999999995,20.65560695
0.9,2.38,0.36666667,2.38,20.65452866
0.54444444,3.15,0.81111111,5.46,20.6450937
0.63333333,2.38,0.9,6.2299999999999995,20.64228804
0.9,4.69,0.72222222,6.2299999999999995,20.64135205
0.9,3.92,0.81111111,3.15,20.6364034
0.63333333,1.61,0.54444444,0.84,20.634567
0.81111111,4.69,0.81111111,6.2299999999999995,20.63086494
0.45555556,2.38,0.72222222,4.6899999999999995,20.62797998
0.72222222,2.38,0.9,7.0,20.61151917
0.9,4.69,0.72222222,4.6899999999999995,20.61149458
0.81111111,2.38,0.81111111,3.15,20.60950777
0.9,4.69,0.72222222,5.46,20.60701457
0.81111111,4.69,0.81111111,5.46,20.60583278
0.81111111,1.61,0.72222222,2.38,20.59365726
0.45555556,2.38,0.72222222,3.9199999999999995,20.58877965
0.9,4.69,0.72222222,3.9199999999999995,20.58697589
0.54444444,3.15,0.81111111,4.6899999999999995,20.58030883
0.72222222,2.38,0.45555556,2.38,20.58002219
0.81111111,2.38,0.45555556,0.84,20.57590628
0.81111111,1.61,0.54444444,0.84,20.55373847
0.9,2.38,0.36666667,1.6099999999999999,20.54789644
0.81111111,3.92,0.72222222,2.38,20.54397717
0.81111111,4.69,0.81111111,4.6899999999999995,20.54358118
0.81111111,1.61,0.72222222,7.0,20.52743492
0.72222222,2.38,0.45555556,1.6099999999999999,20.51518617
0.45555556,2.38,0.72222222,3.15,20.50888757
0.81111111,3.15,0.54444444,1.6099999999999999,20.50426792
0.72222222,3.92,0.72222222,7.0,20.5022133
0.72222222,3.92,0.72222222,5.46,20.49171557
0.9,2.38,0.9,3.9199999999999995,20.48083123
0.9,4.69,0.72222222,3.15,20.47967142
0.72222222,3.92,0.72222222,6.2299999999999995,20.47577328
0.72222222,3.92,0.72222222,4.6899999999999995,20.46550516
0.81111111,3.92,0.63333333,7.0,20.4556072
0.9,3.15,0.45555556,7.0,20.45306069
0.63333333,1.61,0.81111111,3.9199999999999995,20.45209356
0.54444444,1.61,0.72222222,1.6099999999999999,20.44693266
0.9,5.46,0.81111111,7.0,20.44264879
0.81111111,3.92,0.63333333,6.2299999999999995,20.42318674
0.9,3.15,0.45555556,6.2299999999999995,20.42262976
0.81111111,1.61,0.81111111,1.6099999999999999,20.42062781
0.63333333,3.15,0.72222222,2.38,20.4106849
0.9,5.46,0.81111111,6.2299999999999995,20.4099235
0.81111111,3.15,0.9,5.46,20.40781627
0.9,3.15,0.45555556,5.46,20.39226323
0.63333333,3.92,0.81111111,7.0,20.39096772
0.81111111,3.92,0.63333333,5.46,20.3902939
0.72222222,3.92,0.72222222,3.9199999999999995,20.38009861
0.81111111,3.92,0.63333333,3.9199999999999995,20.37288908
0.63333333,3.92,0.81111111,6.2299999999999995,20.36480735
0.9,3.15,0.45555556,4.6899999999999995,20.36100691
0.81111111,3.92,0.63333333,4.6899999999999995,20.35858747
0.9,2.38,0.36666667,0.84,20.34728044
0.45555556,1.61,0.9,5.46,20.34324098
0.81111111,3.92,0.63333333,3.15,20.34302616
0.9,5.46,0.81111111,5.46,20.34178692
0.72222222,3.15,0.63333333,1.6099999999999999,20.33668066
0.54444444,2.38,0.63333333,1.6099999999999999,20.33569708
0.63333333,3.15,0.63333333,7.0,20.33182891
0.54444444,3.15,0.81111111,3.9199999999999995,20.33029315
0.63333333,3.15,0.63333333,5.46,20.32982707
0.81111111,1.61,0.63333333,1.6099999999999999,20.32797743
0.9,3.92,0.63333333,1.6099999999999999,20.32546341
0.54444444,2.38,0.54444444,7.0,20.32361481
0.9,3.15,0.45555556,2.38,20.31897949
0.63333333,3.92,0.81111111,5.46,20.31771342
0.72222222,3.92,0.72222222,3.15,20.31467081
0.9,2.38,0.54444444,0.84,20.3123008
0.72222222,2.38,0.9,4.6899999999999995,20.30040433
0.81111111,4.69,0.81111111,3.9199999999999995,20.29605723
0.63333333,3.15,0.63333333,6.2299999999999995,20.2950008
0.9,3.15,0.45555556,3.15,20.29417113
0.63333333,3.15,0.63333333,4.6899999999999995,20.29291405
0.9,5.46,0.81111111,4.6899999999999995,20.28891071
0.63333333,3.15,0.63333333,3.9199999999999995,20.28114907
0.54444444,2.38,0.54444444,6.2299999999999995,20.28047567
0.81111111,2.38,0.36666667,7.0,20.2667237
0.54444444,3.15,0.72222222,7.0,20.26386806
0.54444444,2.38,0.54444444,5.46,20.26227267
0.63333333,3.92,0.81111111,4.6899999999999995,20.24827364
0.72222222,3.15,0.54444444,7.0,20.24473781
0.54444444,3.15,0.72222222,6.2299999999999995,20.23827895
0.81111111,2.38,0.36666667,6.2299999999999995,20.23680882
0.9,3.92,0.54444444,7.0,20.23339662
0.54444444,2.38,0.54444444,4.6899999999999995,20.23109361
0.72222222,3.15,0.54444444,6.2299999999999995,20.22821485
0.81111111,2.38,0.36666667,5.46,20.22588946
0.9,3.15,0.45555556,1.6099999999999999,20.21923207
0.9,3.92,0.54444444,6.2299999999999995,20.21706294
0.54444444,2.38,0.54444444,3.9199999999999995,20.19940672
0.81111111,3.92,0.63333333,2.38,20.19695921
0.72222222,3.15,0.54444444,5.46,20.19632143
0.36666667,2.38,0.81111111,7.0,20.18989479
0.81111111,2.38,0.36666667,3.15,20.18602364
0.72222222,3.15,0.54444444,3.9199999999999995,20.17844056
0.81111111,4.69,0.72222222,7.0,20.17752123
0.81111111,2.38,0.36666667,4.6899999999999995,20.17706442
0.9,3.92,0.54444444,5.46,20.17426937
0.54444444,3.15,0.72222222,5.46,20.17419162
0.63333333,3.15,0.63333333,3.15,20.16794549
0.45555556,2.38,0.63333333,7.0,20.16652441
0.72222222,4.69,0.81111111,7.0,20.16577058
0.81111111,2.38,0.36666667,2.38,20.16312458
0.81111111,2.38,0.36666667,3.9199999999999995,20.15556175
0.72222222,3.15,0.54444444,4.6899999999999995,20.14869409
0.81111111,4.69,0.72222222,6.2299999999999995,20.14488245
0.81111111,3.92,0.9,6.2299999999999995,20.13953308
0.72222222,3.15,0.54444444,3.15,20.13894244
0.9,3.92,0.54444444,4.6899999999999995,20.13771265
0.63333333,2.38,0.45555556,7.0,20.13182723
0.36666667,2.38,0.81111111,6.2299999999999995,20.12683005
0.45555556,2.38,0.63333333,6.2299999999999995,20.12143164
0.81111111,4.69,0.72222222,5.46,20.11931618
0.36666667,2.38,0.81111111,5.46,20.11347909
0.9,3.92,0.54444444,3.9199999999999995,20.11166484
0.45555556,2.38,0.72222222,2.38,20.10396828
0.54444444,3.15,0.72222222,4.6899999999999995,20.10321739
0.54444444,3.15,0.72222222,3.9199999999999995,20.09413439
0.81111111,4.69,0.72222222,4.6899999999999995,20.09021549
0.9,4.69,0.72222222,2.38,20.08697647
0.63333333,2.38,0.45555556,4.6899999999999995,20.08576625
0.9,3.92,0.54444444,2.38,20.08242343
0.63333333,3.15,0.63333333,2.38,20.08083453
0.63333333,2.38,0.45555556,6.2299999999999995,20.08071337
0.72222222,4.69,0.81111111,6.2299999999999995,20.07846222
0.9,3.92,0.54444444,3.15,20.07805513
0.54444444,2.38,0.54444444,3.15,20.07670792
0.54444444,2.38,0.54444444,2.38,20.07590996
0.45555556,2.38,0.63333333,5.46,20.06969081
0.63333333,2.38,0.45555556,5.46,20.06825267
0.72222222,3.15,0.54444444,2.38,20.06366491
0.63333333,2.38,0.45555556,3.9199999999999995,20.05700638
0.81111111,2.38,0.36666667,1.6099999999999999,20.05616931
0.9,4.69,0.63333333,7.0,20.05505217
0.72222222,4.69,0.81111111,5.46,20.04466462
0.9,4.69,0.63333333,6.2299999999999995,20.03487629
0.36666667,2.38,0.81111111,4.6899999999999995,20.03015979
0.63333333,2.38,0.45555556,3.15,20.0270392
0.9,4.69,0.63333333,5.46,20.02469067
0.45555556,2.38,0.63333333,4.6899999999999995,20.02225198
0.72222222,2.38,0.45555556,0.84,20.01489501
0.81111111,4.69,0.72222222,3.9199999999999995,19.99661408
0.72222222,1.61,0.72222222,2.38,19.99294051
0.45555556,2.38,0.63333333,3.9199999999999995,19.98658459
0.72222222,4.69,0.81111111,4.6899999999999995,19.97998738
0.54444444,1.61,0.9,6.2299999999999995,19.97874541
0.81111111,4.69,0.72222222,3.15,19.97655153
0.54444444,2.38,0.54444444,1.6099999999999999,19.97508097
0.9,4.69,0.63333333,4.6899999999999995,19.97271901
0.9,1.61,0.63333333,7.0,19.96918322
0.54444444,3.15,0.72222222,3.15,19.96611637
0.45555556,2.38,0.63333333,3.15,19.96324703
0.9,3.92,0.54444444,1.6099999999999999,19.95688927
0.63333333,2.38,0.45555556,2.38,19.95018903
0.9,4.69,0.63333333,3.9199999999999995,19.93925251
0.9,5.46,0.81111111,3.9199999999999995,19.93403972
0.81111111,5.46,0.81111111,7.0,19.93152532
0.72222222,3.15,0.54444444,1.6099999999999999,19.92269576
0.9,5.46,0.72222222,7.0,19.91145358
0.81111111,3.15,0.45555556,7.0,19.91125101
0.9,4.69,0.63333333,3.15,19.90227553
0.81111111,5.46,0.81111111,6.2299999999999995,19.899086
0.81111111,2.38,0.36666667,0.84,19.89483617
0.9,1.61,0.63333333,6.2299999999999995,19.88691804
0.9,5.46,0.72222222,6.2299999999999995,19.88335804
0.81111111,3.15,0.45555556,6.2299999999999995,19.88290744
0.45555556,2.38,0.63333333,2.38,19.88203518
0.63333333,2.38,0.45555556,1.6099999999999999,19.88101998
0.63333333,3.15,0.9,6.2299999999999995,19.87486115
0.81111111,3.15,0.45555556,5.46,19.8647431
0.72222222,3.92,0.63333333,7.0,19.85441535
0.45555556,3.15,0.81111111,7.0,19.85205839
0.9,5.46,0.72222222,5.46,19.85059148
0.9,1.61,0.27777778,6.2299999999999995,19.84028866
0.9,1.61,0.63333333,5.46,19.83624354
0.81111111,3.15,0.45555556,4.6899999999999995,19.83439793
0.63333333,3.92,0.72222222,7.0,19.83288767
0.9,2.38,0.81111111,7.0,19.83057068
0.9,4.69,0.63333333,2.38,19.82572707
0.9,5.46,0.72222222,4.6899999999999995,19.82450344
0.72222222,3.92,0.63333333,6.2299999999999995,19.82322935
0.81111111,5.46,0.81111111,5.46,19.82183263
0.81111111,4.69,0.9,7.0,19.81968314
0.9,1.61,0.27777778,7.0,19.81904403
0.9,1.61,0.27777778,5.46,19.81773544
0.63333333,3.92,0.72222222,6.2299999999999995,19.80673211
0.63333333,3.92,0.72222222,5.46,19.80161942
0.81111111,3.15,0.45555556,3.9199999999999995,19.80120194
0.72222222,3.92,0.63333333,5.46,19.8009303
0.45555556,3.15,0.81111111,6.2299999999999995,19.79977166
0.54444444,3.15,0.9,7.0,19.79590981
0.9,1.61,0.27777778,4.6899999999999995,19.79184553
0.9,1.61,0.63333333,4.6899999999999995,19.78740485
0.9,1.61,0.27777778,3.9199999999999995,19.78077903
0.81111111,3.15,0.45555556,3.15,19.77864015
0.63333333,3.92,0.72222222,4.6899999999999995,19.77819012
0.9,5.46,0.72222222,3.9199999999999995,19.77783299
0.81111111,3.15,0.45555556,2.38,19.77603135
0.81111111,5.46,0.81111111,4.6899999999999995,19.77134996
0.9,1.61,0.27777778,3.15,19.77034378
0.9,6.23,0.81111111,7.0,19.76569262
0.72222222,3.92,0.63333333,4.6899999999999995,19.76533081
0.72222222,3.92,0.72222222,2.38,19.76039717
0.45555556,3.15,0.81111111,5.46,19.75756649
0.27777778,1.61,0.9,7.0,19.75738723
0.9,2.38,0.81111111,6.2299999999999995,19.75316208
0.9,1.61,0.27777778,2.38,19.74930488
0.72222222,1.61,0.81111111,6.2299999999999995,19.74659413
0.9,1.61,0.27777778,0.84,19.74494175
0.9,1.61,0.63333333,3.9199999999999995,19.74195916
0.72222222,3.92,0.63333333,3.9199999999999995,19.73996346
0.63333333,3.92,0.81111111,3.9199999999999995,19.73756556
0.81111111,2.38,0.9,7.0,19.73526621
0.9,1.61,0.27777778,1.6099999999999999,19.73485769
0.72222222,3.92,0.63333333,3.15,19.73357078
0.9,1.61,0.63333333,3.15,19.73184586
0.9,6.23,0.81111111,6.2299999999999995,19.72987873
0.9,2.38,0.81111111,5.46,19.70332725
0.63333333,3.92,0.72222222,3.9199999999999995,19.70264492
0.54444444,1.61,0.45555556,7.0,19.69745761
0.63333333,1.61,0.9,7.0,19.69418156
0.9,2.38,0.81111111,4.6899999999999995,19.69132204
0.81111111,3.15,0.45555556,1.6099999999999999,19.68556779
0.45555556,1.61,0.54444444,6.2299999999999995,19.68030404
0.45555556,3.15,0.81111111,4.6899999999999995,19.67977778
0.9,5.46,0.72222222,3.15,19.67518066
0.81111111,3.92,0.54444444,7.0,19.67058017
0.81111111,3.92,0.81111111,3.15,19.66443679
0.45555556,1.61,0.54444444,7.0,19.66405985
0.54444444,1.61,0.45555556,6.2299999999999995,19.66218202
0.36666667,2.38,0.72222222,7.0,19.65880759
0.72222222,2.38,0.36666667,7.0,19.65555452
0.45555556,1.61,0.54444444,5.46,19.65459253
0.54444444,1.61,0.45555556,4.6899999999999995,19.65351883
0.72222222,3.92,0.63333333,2.38,19.65008077
0.81111111,3.92,0.54444444,6.2299999999999995,19.64999461
0.81111111,2.38,0.9,6.2299999999999995,19.64558419
0.54444444,1.61,0.45555556,0.84,19.64376117
0.54444444,1.61,0.45555556,5.46,19.64368766
0.9,3.15,0.45555556,0.84,19.64185306
0.45555556,1.61,0.54444444,4.6899999999999995,19.64182298
0.54444444,1.61,0.45555556,3.9199999999999995,19.63983088
0.9,6.23,0.81111111,5.46,19.63243694
0.63333333,3.92,0.72222222,3.15,19.62933549
0.9,1.61,0.63333333,2.38,19.62716225
0.45555556,1.61,0.54444444,3.9199999999999995,19.62683516
0.81111111,3.92,0.54444444,5.46,19.6177845
0.54444444,1.61,0.45555556,3.15,19.61489311
0.72222222,2.38,0.36666667,6.2299999999999995,19.61461029
0.54444444,1.61,0.45555556,2.38,19.61036818
0.45555556,1.61,0.54444444,3.15,19.61024779
0.45555556,1.61,0.54444444,2.38,19.60260569
0.45555556,1.61,0.54444444,1.6099999999999999,19.59917327
0.72222222,2.38,0.36666667,5.46,19.59882894
0.54444444,1.61,0.45555556,1.6099999999999999,19.59425715
0.81111111,3.92,0.63333333,1.6099999999999999,19.59425001
0.81111111,3.92,0.54444444,4.6899999999999995,19.58509084
0.36666667,2.38,0.72222222,6.2299999999999995,19.57868043
0.9,6.23,0.81111111,4.6899999999999995,19.57369514
0.54444444,3.92,0.81111111,7.0,19.57107901
0.36666667,2.38,0.72222222,5.46,19.56581634
0.81111111,3.92,0.54444444,3.9199999999999995,19.55649868
0.72222222,2.38,0.36666667,4.6899999999999995,19.55587579
0.72222222,4.69,0.72222222,7.0,19.55414799
0.72222222,2.38,0.36666667,3.15,19.55163282
0.72222222,2.38,0.36666667,3.9199999999999995,19.54913772
0.81111111,2.38,0.54444444,0.84,19.54737845
0.72222222,2.38,0.81111111,2.38,19.54270556
0.54444444,3.92,0.81111111,6.2299999999999995,19.53657677
0.63333333,3.15,0.54444444,7.0,19.52861292
0.81111111,3.92,0.54444444,3.15,19.52707729
0.36666667,2.38,0.72222222,4.6899999999999995,19.52320593
0.54444444,3.92,0.81111111,5.46,19.52154737
0.72222222,2.38,0.36666667,2.38,19.51385566
0.81111111,3.92,0.54444444,2.38,19.51288081
0.54444444,3.15,0.63333333,7.0,19.50999935
0.72222222,4.69,0.72222222,6.2299999999999995,19.50950046
0.72222222,1.61,0.9,3.15,19.50339285
0.54444444,1.61,0.54444444,0.84,19.49910255
0.9,2.38,0.81111111,3.9199999999999995,19.49804079
0.72222222,4.69,0.72222222,5.46,19.49190988
0.63333333,3.15,0.54444444,6.2299999999999995,19.48872934
0.9,2.38,0.81111111,3.15,19.48798863
0.54444444,3.15,0.63333333,6.2299999999999995,19.48770601
0.72222222,2.38,0.72222222,1.6099999999999999,19.48541891
0.72222222,2.38,0.36666667,1.6099999999999999,19.47720064
0.36666667,2.38,0.72222222,3.9199999999999995,19.4756769
0.81111111,4.69,0.63333333,7.0,19.47176868
0.63333333,3.15,0.54444444,5.46,19.46582827
0.54444444,3.15,0.63333333,4.6899999999999995,19.46425905
0.72222222,4.69,0.72222222,4.6899999999999995,19.46377909
0.81111111,4.69,0.63333333,6.2299999999999995,19.45607537
0.54444444,3.15,0.63333333,5.46,19.45308225
0.63333333,3.15,0.54444444,4.6899999999999995,19.4482085
0.54444444,3.15,0.63333333,3.9199999999999995,19.43665189
0.81111111,4.69,0.63333333,5.46,19.43112989
0.72222222,1.61,0.81111111,4.6899999999999995,19.4257776
0.63333333,3.15,0.54444444,3.15,19.4174355
0.54444444,3.92,0.81111111,4.6899999999999995,19.41742441
0.9,3.15,0.9,4.6899999999999995,19.41649438
0.63333333,4.69,0.81111111,7.0,19.40841281
0.63333333,3.15,0.54444444,3.9199999999999995,19.40500588
0.72222222,4.69,0.72222222,3.9199999999999995,19.39703322
0.36666667,2.38,0.72222222,3.15,19.39519334
0.81111111,3.92,0.54444444,1.6099999999999999,19.39418795
0.81111111,4.69,0.63333333,4.6899999999999995,19.39388396
0.81111111,4.69,0.63333333,3.9199999999999995,19.38488355
0.54444444,3.15,0.63333333,3.15,19.36414397
0.63333333,4.69,0.81111111,6.2299999999999995,19.36212245
0.81111111,1.61,0.72222222,6.2299999999999995,19.3544053
0.81111111,4.69,0.63333333,3.15,19.33588808
0.63333333,3.15,0.54444444,2.38,19.33129794
0.81111111,5.46,0.72222222,7.0,19.32758616
0.63333333,3.15,0.63333333,1.6099999999999999,19.31917973
0.63333333,4.69,0.81111111,5.46,19.31904546
0.72222222,4.69,0.72222222,3.15,19.30713866
0.54444444,3.15,0.63333333,2.38,19.30457592
0.9,2.38,0.27777778,7.0,19.30238678
0.81111111,5.46,0.72222222,6.2299999999999995,19.29768059
0.72222222,1.61,0.81111111,7.0,19.28495708
0.9,3.15,0.36666667,7.0,19.27667049
0.9,2.38,0.27777778,6.2299999999999995,19.27474982
0.72222222,5.46,0.81111111,7.0,19.26998296
0.81111111,1.61,0.72222222,3.15,19.26896721
0.45555556,3.15,0.72222222,7.0,19.26293885
0.72222222,1.61,0.63333333,0.84,19.26293648
0.81111111,1.61,0.72222222,3.9199999999999995,19.26061375
0.63333333,3.15,0.54444444,1.6099999999999999,19.25603027
0.54444444,2.38,0.45555556,7.0,19.25195661
0.81111111,5.46,0.72222222,5.46,19.25054025
0.72222222,3.15,0.45555556,7.0,19.24996332
0.45555556,2.38,0.54444444,7.0,19.24855887
0.9,3.92,0.45555556,7.0,19.24820185
0.9,2.38,0.27777778,5.46,19.248086
0.72222222,2.38,0.36666667,0.84,19.24777392
0.81111111,4.69,0.63333333,2.38,19.2435634
0.9,3.15,0.36666667,6.2299999999999995,19.24003259
0.81111111,5.46,0.72222222,4.6899999999999995,19.23848597
0.45555556,2.38,0.54444444,5.46,19.2361122
0.72222222,3.15,0.45555556,6.2299999999999995,19.22239458
0.45555556,2.38,0.54444444,6.2299999999999995,19.22018814
0.9,2.38,0.27777778,4.6899999999999995,19.21900309
0.9,3.92,0.45555556,6.2299999999999995,19.21713072
0.9,3.15,0.36666667,5.46,19.2154671
0.45555556,3.15,0.72222222,6.2299999999999995,19.21467822
0.63333333,3.15,0.81111111,3.15,19.21139775
0.63333333,4.69,0.81111111,4.6899999999999995,19.21077586
0.9,4.69,0.54444444,7.0,19.20772327
0.45555556,2.38,0.54444444,4.6899999999999995,19.20760363
0.81111111,5.46,0.72222222,3.9199999999999995,19.20162288
0.81111111,1.61,0.72222222,4.6899999999999995,19.19703988
0.54444444,2.38,0.45555556,5.46,19.19697221
0.72222222,3.15,0.45555556,5.46,19.1922168
0.9,2.38,0.27777778,3.9199999999999995,19.19122867
0.45555556,3.15,0.72222222,5.46,19.18918641
0.9,3.15,0.36666667,3.9199999999999995,19.1881441
0.9,4.69,0.54444444,6.2299999999999995,19.18779797
0.9,5.46,0.63333333,7.0,19.1862861
0.54444444,2.38,0.45555556,3.9199999999999995,19.18490801
0.9,3.15,0.36666667,4.6899999999999995,19.18449664
0.9,3.92,0.45555556,5.46,19.18162035
0.9,4.69,0.54444444,5.46,19.17881351
0.45555556,2.38,0.54444444,3.9199999999999995,19.1781262
0.54444444,2.38,0.45555556,4.6899999999999995,19.16994163
0.72222222,5.46,0.81111111,5.46,19.16825528
0.72222222,3.15,0.45555556,4.6899999999999995,19.16632533
0.81111111,6.23,0.81111111,7.0,19.16576562
0.9,2.38,0.27777778,3.15,19.16362751
0.45555556,3.15,0.72222222,4.6899999999999995,19.15946726
0.72222222,5.46,0.81111111,6.2299999999999995,19.15931479
0.9,5.46,0.63333333,6.2299999999999995,19.15931243
0.9,3.92,0.45555556,4.6899999999999995,19.15733665
0.54444444,2.38,0.45555556,3.15,19.15574055
0.36666667,2.38,0.81111111,3.9199999999999995,19.14966336
0.45555556,2.38,0.54444444,3.15,19.14600535
0.72222222,4.69,0.81111111,3.9199999999999995,19.14543971
0.9,2.38,0.27777778,1.6099999999999999,19.14190393
0.9,6.23,0.72222222,7.0,19.14102653
0.72222222,3.15,0.45555556,3.9199999999999995,19.13707655
0.9,3.92,0.45555556,3.9199999999999995,19.13614195
0.45555556,1.61,0.72222222,1.6099999999999999,19.13535109
0.9,2.38,0.27777778,2.38,19.1329857
0.9,5.46,0.63333333,5.46,19.13173868
0.9,3.15,0.36666667,3.15,19.12706279
0.9,4.69,0.54444444,4.6899999999999995,19.12564877
0.36666667,1.61,0.9,5.46,19.12338224
0.54444444,2.38,0.45555556,2.38,19.12093688
0.9,6.23,0.72222222,6.2299999999999995,19.11551537
0.63333333,2.38,0.45555556,0.84,19.111359
0.72222222,3.15,0.45555556,3.15,19.10968044
0.9,5.46,0.63333333,4.6899999999999995,19.10537105
0.72222222,3.15,0.45555556,2.38,19.1050627
0.9,3.92,0.45555556,3.15,19.09908534
0.9,4.69,0.54444444,3.9199999999999995,19.09705209
0.9,3.15,0.36666667,2.38,19.09697835
0.45555556,3.15,0.72222222,3.9199999999999995,19.09564254
0.9,3.15,0.36666667,1.6099999999999999,19.09541271
0.9,6.23,0.72222222,5.46,19.08906623
0.63333333,3.92,0.63333333,7.0,19.08803814
0.81111111,5.46,0.72222222,3.15,19.08600402
0.9,4.69,0.9,6.2299999999999995,19.08111059
0.45555556,2.38,0.54444444,2.38,19.07613012
0.81111111,6.23,0.81111111,6.2299999999999995,19.07581186
0.9,4.69,0.54444444,3.15,19.07418299
0.9,7.0,0.81111111,7.0,19.06881252
0.9,3.92,0.45555556,2.38,19.0687075
0.9,5.46,0.63333333,3.9199999999999995,19.06422263
0.63333333,3.92,0.63333333,6.2299999999999995,19.06401968
0.72222222,3.15,0.45555556,1.6099999999999999,19.06039575
0.72222222,5.46,0.81111111,4.6899999999999995,19.05819731
0.9,6.23,0.72222222,4.6899999999999995,19.05587054
0.9,3.92,0.45555556,1.6099999999999999,19.04300509
0.81111111,6.23,0.81111111,5.46,19.04287979
