ratio_absorb,PSII_content_per_leaf,PSII_antenna_size,P700_red_initial,CO2
0.9,1.61,0.9,10.0,12.73080038
0.9,3.15,0.81111111,10.0,12.66728341
0.9,2.38,0.81111111,7.8,12.63104185
0.9,1.61,0.81111111,5.6,12.45653595
0.9,2.38,0.81111111,8.9,12.32028771
0.9,3.15,0.81111111,8.9,12.2284811
0.9,2.38,0.81111111,10.0,12.19090454
0.9,1.61,0.81111111,6.7,12.06655971
0.9,1.61,0.81111111,7.8,11.75171894
0.9,2.38,0.81111111,6.7,11.72904504
0.9,1.61,0.81111111,10.0,11.72232874
0.9,1.61,0.81111111,8.9,11.720607
0.9,3.92,0.72222222,10.0,11.62710929
0.9,3.92,0.72222222,8.9,11.62049643
0.9,3.92,0.72222222,7.8,11.61910348
0.81111111,3.15,0.81111111,10.0,11.61724222
0.9,0.84,0.9,10.0,11.61457953
0.81111111,2.38,0.81111111,7.8,11.58805619
0.9,2.38,0.72222222,4.5,11.5701609
0.9,0.84,0.9,8.9,11.55406648
